2887
2892
2920
3294
3873
18858
25158
29312
41267
43331
48492
52875
53790
54787
63406
77250
79783
94118
99183
99220
106989
107183
109100
110924
110955
111499
111557
115376
119400
119996
120617
120674
121094
121363
122404
123039
123975
125584
127000
128105
128769
128900
128943
129757
131139
133679
133999
134019
134240
134257
134507
134525
134535
134551
134734
134921
135063
135079
135093
135113
135174
135281
135361
135438
135783
135795
135804
135831
135837
140445
140446
140448
140450
140451
140452
140454
140455
140460
140461
140462
140466
140469
140470
140471
140473
140475
140478
140479
140480
140483
140484
140485
140488
140490
140491
140495
140497
140500
140501
140502
140503
140504
140505
140506
140509
140511
140513
140514
140515
140516
140517
140518
